-9.743000008577561175e+02
-1.283708651748400143e+03
-8.754449088360809128e+02
-1.092351870202914824e+03
-1.582314055021018703e+03
-1.521094984336015841e+03
-1.575159853828649830e+03
-1.501464496311673656e+03
-1.279047143167405693e+03
-1.595578908249324968e+03
-1.277341631912971707e+03
-1.643870338211164608e+03
-1.251660192556439824e+03
-1.323444601332650109e+03
-1.286231780862266305e+03
-1.152081388142248215e+03
-1.513435667164516872e+03
-1.847496237065809964e+03
-1.432071479447432239e+03
-1.834590285764410055e+03
-1.700649852425667405e+03
-1.421260627024674477e+03
-1.593035981495775331e+03
-1.296797519733592708e+03
-1.216167474784434035e+03
-1.626281968122578064e+03
-1.223059073282370491e+03
-1.347275486725115570e+03
-1.339507842716939876e+03
-1.364525812450433023e+03
-1.277078369236790195e+03
-1.526606403932417152e+03
-1.372572106572674102e+03
-1.566794772853135555e+03
-1.279564028754772835e+03
-1.347438652061415496e+03
-1.510571529356095652e+03
-1.586181290339906809e+03
-1.500075050571821976e+03
-1.366772607910553461e+03
-1.216853544931838996e+03
-1.204262581029706780e+03
-1.475731156328110274e+03
-1.463265021370465092e+03
-1.356354557982283723e+03
-1.434754762658447362e+03
-1.389248720899793852e+03
-1.453120957958566805e+03
-1.222760262635474419e+03
-1.303941325399741800e+03
-1.388655948954708947e+03
-1.339847944052089360e+03
-1.311022120902560573e+03
-1.189393020298394049e+03
-1.443799050989569878e+03
-1.105144935873419627e+03
-1.408039665071510171e+03
-1.375778604539163780e+03
-1.195591402131453378e+03
-1.421385397906093885e+03
-1.362846307788581953e+03
-9.479644045155965841e+02
-1.161296401409522105e+03
-1.152304372501392663e+03
-1.307830756511008758e+03
-1.274905300756862744e+03
-1.108762809504083407e+03
-8.798346946716482080e+02
-1.116088030065684279e+03
-1.054437968965649588e+03
-1.065354508817403257e+03
-1.168890334288687427e+03
-1.088530551098758451e+03
-6.315050472097958618e+02
-1.312643059862579321e+03
-1.234712341523834084e+03
-1.403811063139111411e+03
-1.333346283677851261e+03
-1.172233149834753476e+03
-5.160552195331536041e+02
-1.121235186605316812e+03
-6.374821523786840771e+02
-5.398084396138330021e+02
-6.663174684185211163e+02
-8.142679395288105297e+02
-1.284196173308454718e+03
-5.133277745101357823e+02
-6.654788352941394578e+02
-3.795604234362261309e+02
-1.212155696950412221e+03
-8.647239468101347484e+02
-6.321025719050776388e+02
-1.060972868594340753e+03
-6.379052236471557080e+02
-7.710835407227202722e+02
-3.863902802063223589e+02
-7.573029088500856005e+02
-7.791066173919169842e+02
-5.136789202481749044e+02
-4.999548093324007141e+02
-8.988977472689628030e+02
-5.201811957613364257e+02
-5.200656459174750808e+02
-7.845162334027089628e+02
-8.182796946747166658e+02
-6.473862091979602837e+02
-5.187546270458918798e+02
-6.511478974284954120e+02
-8.301487820739877179e+02
-6.444649916286531379e+02
-5.046054459328428266e+02
-6.563337213361259046e+02
-8.058600775345955753e+02
-5.209930051313101558e+02
-3.929117879380133900e+02
-7.815355981779483727e+02
-7.163897216936201175e+02
-7.867225582768634240e+02
-6.434208722388382284e+02
-5.863450965988382677e+02
-5.373140092731355253e+02
-7.253359037383144141e+02
-6.409128897462783243e+02
-7.759184141051426877e+02
-3.940253531232477826e+02
-3.606954096480403678e+02
-6.589795365638101430e+02
-3.937461633738997762e+02
-5.240003076044561112e+02
-6.569893083975958916e+02
-5.383734669217841429e+02
-7.226694525735883872e+02
-8.463453819719426292e+02
-3.817384968338574822e+02
-5.254888196929088053e+02
-3.971067906560691085e+02
-5.235361988393973434e+02
-5.227714783877997888e+02
-6.445542248742838183e+02
-5.516823926756484298e+02
-6.429842233881585116e+02
-2.756533831330675639e+02
-6.448141070746106607e+02
-5.206421493754659195e+02
-3.880449717994370644e+02
-5.165805605707361110e+02
-3.831650639022967653e+02
-3.949786550062942752e+02
-6.485279071440407961e+02
-7.104743031753399691e+02
-5.277083966795505603e+02
-5.645514514239138180e+02
-3.897072241947683438e+02
-2.642136983867316076e+02
-5.957769101013965383e+02
-2.690388047472328026e+02
-3.354398169934486873e+02
-4.390713769895081668e+02
-5.180318981381650474e+02
-9.089596935679568332e+02
-2.686865778692500726e+02
-2.689219824816574373e+02
-5.029564036744154123e+02
-4.271334474214773422e+02
-3.742926512167064743e+02
-1.341677829565403783e+02
-4.154869942056843115e+02
-3.933427526812559449e+02
-5.352888035835235314e+02
-5.054224649261130367e+02
-3.925104691080442194e+02
-2.628048054005905669e+02
-2.744985920469598568e+02
-2.638972914260937728e+02
-1.396838061070723427e+02
-1.386429811985561571e+02
-1.312174510595862031e+01
-1.579649531181817679e+01
-5.236233155692633545e+02
-2.579068229941541972e+02
-4.011064020179861700e+02
-1.064806876835217331e+01
-1.378065632871977755e+02
-1.372308897168341559e+02
-1.349077177282790529e+01
-2.565473113182686120e+02
-3.899586894631422069e+02
-1.433487971016348297e+02
-2.497972414727706791e+02
-2.647997801233532300e+02
-2.434062089664524251e+02
-1.486507627748649618e+01
-1.347938194712612585e+02
-1.372080323123679761e+02
-1.411584515335826211e+02
-1.356328535745101078e+02
-1.420014872822293057e+02
-3.655348659133734373e+02
-2.640118419098951108e+02
-2.874710301201320135e+02
-1.396546201501624296e+02
-3.867061870250354900e+02
-1.409509512046012389e+02
-2.650580610459451236e+02
-1.392174843995244942e+02
-3.187282477884639889e+02
-3.764468441966137107e+02
-8.705290885578222060e+02
-2.699962172596082155e+02
-3.026347376920541592e+02
-1.379815011559835227e+02
-2.672458560420552658e+02
-3.618989073235767364e+02
-1.389916309977132585e+02
-1.351051129136197062e+02
-2.617937628030890096e+02
-2.603288523486847907e+02
-1.419854494019270703e+02
-1.419545498480932224e+02
-2.810160969783768792e+02
-2.729943228140594442e+02
-4.985311617412905889e+02
-3.787359968367397869e+02
-2.584701159067880099e+02
-1.239530049955154567e+01
-2.563215717657470236e+02
-1.332868708206010240e+02
-1.299528356020880722e+02
-1.318917499461006173e+02
-1.394762294694885156e+02
-3.677902811244496775e+02
-2.556347966295261358e+02
-1.524104079021192781e+01
-1.342054593247444529e+02
-1.286937222463326407e+02
-2.687855118344116363e+02
-3.766459833059226412e+02
-1.393544416828331123e+02
-1.403714033097543847e+02
-1.352364678188368146e+02
-4.211831049567776972e+02
-3.828093184752021330e+02
-2.564204227014991488e+02
-5.222670779035843225e+02
-4.327509399015482927e+02
-4.190516588736335279e+02
-3.939820089003349608e+02
-1.414669921121333971e+02
-1.405887649694151946e+02
-2.514999135028137687e+02
-1.364062773574586913e+02
-1.388955700299175646e+02
-3.565271432906671407e+02
-4.070432441150868499e+02
-2.518759283206968576e+02
-5.261655127730855384e+02
-3.819249449588996868e+02
-3.938148017898696480e+02
-1.432199986800264639e+02
-1.893643980357485646e+01
-1.435433904603805786e+02
-6.398979997463961809e+02
-1.300967655721032372e+02
-2.509699728395274008e+02
-4.029845250816771909e+02
-1.375250407657318306e+02
-2.737752481004632159e+02
-1.327877997057514392e+02
-3.132466236559934600e+02
-3.664767684405693444e+02
-1.371681176576958592e+02
-1.449876525078038014e+02
-1.305286091141090594e+02
-1.480661787470990873e+02
-3.727278382721523258e+02
-2.615032236657916656e+02
-1.363058470633865511e+02
-1.502660688508415809e+01
-6.184899112503672995e+02
-2.600228699478601584e+02
-4.699036278079288422e+02
-1.312187455311798772e+02
-2.483247585063595295e+02
-1.330026482699312567e+02
-3.609791047663470067e+02
-4.719423490419571294e+02
-4.530846707510156079e+02
-1.402694469326946489e+02
-1.363253700608595693e+02
-4.478299287289101471e+02
-1.376599545803479430e+02
-1.382202879927764059e+02
-1.633420525268681089e+01
-2.911259723761837108e+02
-1.819721556392475392e+01
-1.862443457175331218e+01
-1.833313567961168644e+01
-1.426076911708838111e+02
-2.593109838121421831e+02
-4.210073533147813123e+02
-1.621746343389470155e+02
-1.364655141163085545e+02
-1.359705108424639377e+02
-1.412054812249831457e+02
-2.691132664998866630e+02
-2.610891343365933039e+02
-1.379521523141634702e+02
-1.304629135775280417e+02
-1.408362606772640788e+02
-3.608670091076503468e+02
-1.391773044613555612e+02
-1.292089227309986654e+02
-1.365708308623989353e+02
-1.366218287171964221e+02
-3.769283885393169840e+02
-1.354404620228125111e+02
-2.622254886396135021e+02
-1.269234916083861577e+02
-2.430273728419652741e+02
-3.848495699056908279e+02
-1.754111280450593213e+01
-1.381976408464951191e+02
-2.793233372142215671e+02
-1.407267066184751911e+02
-1.367695307615942397e+02
-1.434100740355884227e+02
-1.405813633912323724e+02
-3.773520504241000140e+02
-2.586025065385750281e+02
-2.063169949530642100e+01
-2.686935138009597495e+02
-2.370569735255264021e+01
-4.896750384930081736e+02
-2.057093196999144880e+01
-1.439422222891089973e+02
-1.398347551955887411e+02
-2.611424894822736178e+02
-1.440836717421518642e+02
-1.409041015046270218e+02
-2.350151763702904262e+01
-1.438418053337283311e+02
-1.368071643804073858e+02
-3.972603690208841272e+02
-4.340021166814149751e+02
-2.519183059323201235e+02
-1.254842686284913071e+02
-4.107992741787017508e+02
-1.328161620628067965e+02
-1.308632931171016480e+02
-1.408782443754765268e+02
-1.383118993214376360e+02
-1.450417828916255019e+02
-1.329796237571056849e+02
-4.708349241167302921e+02
-1.377575489900934258e+02
-2.790204498932887986e+02
-1.443669708126188311e+02
-1.455021703629666661e+02
-1.399337843090738147e+02
-1.455439740578250394e+02
-1.473225544646813887e+02
-1.448919048837477419e+02
-3.962027911026858078e+02
-2.254968659117485785e+01
-3.435216537055321169e+02
-2.770581922276698492e+02
-1.467748275512387579e+02
-1.380556850264060813e+02
-3.585227250154986223e+02
-5.438990169954768135e+02
-1.451295575296846891e+02
-1.361933543702785698e+02
-5.161310417069314553e+02
-2.644701146828085143e+02
-1.443983809710891251e+02
-1.442970042520680067e+02
-1.455125775367958170e+02
-1.402933392852974350e+02
-1.407180639613295341e+02
-1.425982809231817612e+02
-2.781465502368331499e+02
-1.345608011629631733e+02
-1.423362016808393093e+02
-1.448202285556274944e+02
-2.209239401893464105e+01
-3.908790695739893408e+02
-1.422499270447333970e+02
-1.410314689313535155e+02
-2.634108822668578682e+02
-1.433308113197814464e+02
-1.442509572753795624e+02
-1.472574858999751939e+02
-3.888270635412996512e+02
-2.612152183668940779e+02
-1.402094687506567823e+02
-2.049419915066036779e+01
-2.549874416567175786e+02
-1.351669136764518555e+02
-1.427792582951103952e+02
-1.410528136988585004e+02
-1.412950875011195819e+02
-1.387746053373540747e+02
-2.799768653762825465e+02
-1.354615278059796424e+02
-1.393926166791277232e+01
-1.445367449110087534e+02
-1.423792321182581020e+02
-1.355441003042212458e+02
-2.562123657484207229e+02
-2.670995703462896245e+02
-2.673598613888797217e+02
-1.412907172431657727e+02
-1.376020408623558069e+02
-1.384773361325146368e+02
-1.279194495076210529e+02
-1.562699414319775570e+01
-3.642781649527905188e+02
-2.915404932739600667e+02
-1.766489295390837455e+01
-1.427976632866915807e+01
-2.478889494015095636e+02
-2.536887748683432449e+02
-1.904314993067460193e+01
-2.280656327093475966e+01
-1.311652242115116280e+02
-2.638885363641243771e+02
-2.914590603580561492e+02
-1.483613594992443154e+02
-2.184124408950826890e+01
-1.403541597465928703e+02
-1.481366469387034499e+02
-3.559721046943652141e+02
-1.435512933383468237e+02
-5.352175530751869701e+02
-1.442455808271444084e+02
-1.390845094124172761e+02
-1.347855240253772990e+02
-2.576186556551024296e+02
-1.482388302417013293e+01
-1.368742978331722213e+02
-2.814122430811601703e+02
-3.664271876373224472e+02
-2.727979755073126285e+02
-2.758115940814626015e+02
-1.330570846225127752e+02
-2.674262076187131356e+02
-2.567387926660443895e+02
-1.455506751828507106e+02
-2.567116085809926744e+02
-1.451051819321509981e+02
-3.210979135416014856e+02
-2.457039532959431938e+02
-1.354940379702460689e+02
-1.407055886031185707e+02
-1.322767708132836617e+02
-5.466080237041599048e+02
-1.399947682946429950e+02
-2.482971376873898706e+01
-1.416990125766256767e+02
-1.451757311166172428e+02
-2.953198410089831327e+02
-2.536449034920053123e+02
-3.954546832583288278e+02
-1.614565722900340106e+01
-1.441925081706340279e+02
-2.688036975043391976e+02
-1.393981892774712890e+02
-2.518340764591101788e+02
-2.573951046511356822e+02
-1.456059279432674316e+02
-2.284853461819352916e+01
-3.161968086881032605e+02
-1.406291373864727632e+02
-1.407864354554955924e+02
-3.841921666165518445e+02
-3.811810900693378130e+02
-3.260732999445133373e+02
-1.414240440691785068e+02
-1.923357071646535488e+01
-4.130368463549327203e+02
-1.427931273169769781e+02
-1.348887461956450693e+02
-1.402877350446718481e+02
-1.413404920776221445e+02
-2.723093060120975224e+02
-2.358739073347323512e+01
-1.328037033609077469e+02
-4.048758736659133319e+02
-1.353433204816982425e+02
-1.362051296154336342e+02
-3.103639037175182125e+02
-1.421570787417071529e+02
-2.641745176528359593e+02
-1.429712010191943534e+02
-2.595125276722300782e+02
-1.422471118986834426e+02
-4.577325922092717292e+02
-1.451809586437842938e+02
-1.467861470338423260e+02
-2.629336906437305856e+02
